2438
0 L 0 277 1
0 L 0 47 1
0 L 0 348 1
0 L 0 342 1
0 D 176 277 1
0 D 494 47 1
0 D 1025 348 1
0 D 896 342 1
0 L 0 99 1
0 L 0 272 1
0 L 0 299 1
0 D 712 99 1
0 D 750 272 1
0 D 597 299 1
0 L 0 127 1
0 L 0 272 1
0 D 1094 127 1
0 D 955 272 1
0 L 0 133 1
0 L 0 40 1
0 L 0 26 1
0 L 0 88 1
0 D 624 133 1
0 D 602 40 1
0 D 113 26 1
0 D 985 88 1
0 L 0 16 1
0 L 0 17 1
0 L 0 269 1
0 D 704 16 1
0 D 675 17 1
0 D 318 269 1
0 L 0 96 1
0 L 0 36 1
0 L 0 359 1
0 D 656 96 1
0 D 201 36 1
0 D 101 359 1
0 L 0 397 1
0 L 0 110 1
0 L 0 283 1
0 D 4 397 1
0 D 1127 110 1
0 D 579 283 1
0 L 0 247 1
0 L 0 100 1
0 L 0 276 1
0 D 872 247 1
0 D 762 100 1
0 D 907 276 1
0 L 0 186 1
0 L 0 120 1
0 L 0 72 1
0 D 1091 186 1
0 D 1129 120 1
0 D 1141 72 1
0 L 0 33 1
0 L 0 157 1
0 L 0 276 1
0 L 0 296 1
0 D 1244 33 1
0 D 977 157 1
0 D 830 276 1
0 D 410 296 1
0 L 0 373 1
0 L 0 157 1
0 D 921 373 1
0 D 143 157 1
0 L 0 249 1
0 L 0 31 1
0 L 0 31 1
0 D 1153 249 1
0 D 873 31 1
0 D 828 31 1
0 L 0 247 1
0 L 0 296 1
0 L 0 168 1
0 L 0 31 1
0 D 78 247 1
0 D 1089 296 1
0 D 884 168 1
0 D 578 31 1
1 L 0 164 1
1 L 0 189 1
1 L 0 129 1
1 L 0 230 1
1 D 176 164 1
1 D 494 189 1
1 D 609 129 1
1 D 750 230 1
1 L 0 168 1
1 L 0 270 1
1 L 0 221 1
1 D 1037 168 1
1 D 644 270 1
1 D 1027 221 1
1 L 0 99 1
1 L 0 297 1
1 D 350 99 1
1 D 771 297 1
1 L 0 218 1
1 L 0 263 1
1 L 0 268 1
1 D 499 218 1
1 D 485 263 1
1 D 225 268 1
1 L 0 276 1
1 L 0 46 1
1 L 0 115 1
1 L 0 35 1
1 L 0 360 1
1 D 547 276 1
1 D 985 46 1
1 D 1105 115 1
1 D 675 35 1
1 D 785 360 1
1 L 0 281 1
1 L 0 194 1
1 L 0 149 1
1 D 57 281 1
1 D 698 194 1
1 D 784 149 1
1 L 0 57 1
1 L 0 120 1
1 L 0 278 1
1 D 1095 57 1
1 D 527 120 1
1 D 181 278 1
1 L 0 391 1
1 L 0 373 1
1 L 0 300 1
1 D 824 391 1
1 D 762 373 1
1 D 1034 300 1
1 L 0 270 1
1 L 0 277 1
1 D 694 270 1
1 D 248 277 1
1 L 0 247 1
1 L 0 272 1
1 L 0 218 1
1 L 0 182 1
1 D 199 247 1
1 D 770 272 1
1 D 472 218 1
1 D 247 182 1
1 L 0 73 1
1 L 0 82 1
1 L 0 276 1
1 D 76 73 1
1 D 628 82 1
1 D 772 276 1
1 L 0 157 1
1 L 0 272 1
1 L 0 296 1
1 L 0 276 1
1 D 969 157 1
1 D 873 272 1
1 D 577 296 1
1 D 965 276 1
1 L 0 277 1
1 L 0 72 1
1 L 0 247 1
1 D 1086 277 1
1 D 408 72 1
1 D 282 247 1
2 L 0 382 1
2 L 0 296 1
2 L 0 199 1
2 L 0 276 1
2 D 176 382 1
2 D 1167 296 1
2 D 609 199 1
2 D 174 276 1
2 L 0 143 1
2 L 0 111 1
2 L 0 360 1
2 L 0 252 1
2 D 1037 143 1
2 D 644 111 1
2 D 880 360 1
2 D 308 252 1
2 L 0 189 1
2 L 0 297 1
2 L 0 280 1
2 L 0 163 1
2 D 922 189 1
2 D 955 297 1
2 D 499 280 1
2 D 127 163 1
2 L 0 16 1
2 L 0 323 1
2 L 0 149 1
2 D 431 16 1
2 D 1102 323 1
2 D 462 149 1
2 L 0 114 1
2 L 0 382 1
2 L 0 361 1
2 D 1023 114 1
2 D 1178 382 1
2 D 269 361 1
2 L 0 101 1
2 L 0 373 1
2 D 553 101 1
2 D 101 373 1
2 L 0 15 1
2 L 0 104 1
2 L 0 120 1
2 D 193 15 1
2 D 310 104 1
2 D 181 120 1
2 L 0 270 1
2 L 0 205 1
2 D 538 270 1
2 D 1110 205 1
2 L 0 301 1
2 L 0 296 1
2 L 0 237 1
2 L 0 96 1
2 D 172 301 1
2 D 733 296 1
2 D 1131 237 1
2 D 732 96 1
2 L 0 140 1
2 L 0 124 1
2 L 0 168 1
2 D 492 140 1
2 D 97 124 1
2 D 973 168 1
2 L 0 368 1
2 L 0 72 1
2 L 0 92 1
2 L 0 271 1
2 D 103 368 1
2 D 1075 72 1
2 D 1018 92 1
2 D 62 271 1
2 L 0 31 1
2 L 0 73 1
2 L 0 296 1
2 L 0 179 1
2 D 943 31 1
2 D 370 73 1
2 D 478 296 1
2 D 476 179 1
2 L 0 249 1
2 L 0 140 1
2 D 534 249 1
2 D 197 140 1
3 L 0 239 1
3 L 0 35 1
3 L 0 227 1
3 L 0 360 1
3 D 176 239 1
3 D 1167 35 1
3 D 609 227 1
3 D 423 360 1
3 L 0 52 1
3 L 0 377 1
3 L 0 149 1
3 D 1037 52 1
3 D 556 377 1
3 D 1104 149 1
3 L 0 26 1
3 L 0 323 1
3 L 0 104 1
3 D 880 26 1
3 D 77 323 1
3 D 955 104 1
3 L 0 136 1
3 L 0 61 1
3 L 0 317 1
3 D 624 136 1
3 D 470 61 1
3 D 113 317 1
3 L 0 31 1
3 L 0 151 1
3 L 0 216 1
3 D 1147 31 1
3 D 502 151 1
3 D 1023 216 1
3 L 0 225 1
3 L 0 144 1
3 L 0 278 1
3 D 615 225 1
3 D 656 144 1
3 D 954 278 1
3 L 0 242 1
3 L 0 223 1
3 D 747 242 1
3 D 1228 223 1
3 L 0 127 1
3 L 0 272 1
3 D 231 127 1
3 D 162 272 1
3 L 0 168 1
3 L 0 118 1
3 L 0 172 1
3 D 1021 168 1
3 D 441 118 1
3 D 437 172 1
3 L 0 169 1
3 L 0 92 1
3 L 0 368 1
3 L 0 317 1
3 D 251 169 1
3 D 361 92 1
3 D 669 368 1
3 D 939 317 1
3 L 0 247 1
3 L 0 157 1
3 L 0 182 1
3 D 590 247 1
3 D 336 157 1
3 D 103 182 1
3 L 0 31 1
3 L 0 277 1
3 L 0 179 1
3 D 563 31 1
3 D 1040 277 1
3 D 44 179 1
3 L 0 381 1
3 L 0 373 1
3 D 27 381 1
3 D 831 373 1
3 L 0 294 1
3 L 0 168 1
3 L 0 31 1
3 D 917 294 1
3 D 884 168 1
3 D 774 31 1
4 L 0 96 1
4 L 0 81 1
4 L 0 275 1
4 L 0 310 1
4 D 176 96 1
4 D 1167 81 1
4 D 609 275 1
4 D 46 310 1
4 L 0 10 1
4 L 0 347 1
4 L 0 259 1
4 D 376 10 1
4 D 1209 347 1
4 D 462 259 1
4 L 0 347 1
4 L 0 132 1
4 D 880 347 1
4 D 77 132 1
4 L 0 119 1
4 L 0 122 1
4 L 0 180 1
4 D 499 119 1
4 D 624 122 1
4 D 470 180 1
4 L 0 57 1
4 L 0 214 1
4 D 140 57 1
4 D 1147 214 1
4 L 0 43 1
4 L 0 219 1
4 D 292 43 1
4 D 133 219 1
4 L 0 247 1
4 L 0 398 1
4 L 0 247 1
4 L 0 210 1
4 D 604 247 1
4 D 726 398 1
4 D 412 247 1
4 D 747 210 1
4 L 0 72 1
4 L 0 150 1
4 L 0 74 1
4 D 874 72 1
4 D 345 150 1
4 D 824 74 1
4 L 0 110 1
4 L 0 272 1
4 L 0 276 1
4 D 860 110 1
4 D 907 272 1
4 D 1048 276 1
4 L 0 150 1
4 L 0 17 1
4 L 0 296 1
4 D 897 150 1
4 D 1032 17 1
4 D 1243 296 1
4 L 0 210 1
4 L 0 373 1
4 L 0 92 1
4 D 879 210 1
4 D 95 373 1
4 D 500 92 1
4 L 0 182 1
4 L 0 168 1
4 L 0 31 1
4 L 0 272 1
4 D 552 182 1
4 D 798 168 1
4 D 969 31 1
4 D 450 272 1
4 L 0 296 1
4 L 0 182 1
4 L 0 157 1
4 L 0 276 1
4 D 742 296 1
4 D 814 182 1
4 D 531 157 1
4 D 799 276 1
5 L 0 119 1
5 L 0 242 1
5 L 0 276 1
5 L 0 342 1
5 D 335 119 1
5 D 1167 242 1
5 D 609 276 1
5 D 910 342 1
5 L 0 70 1
5 L 0 277 1
5 L 0 122 1
5 D 1209 70 1
5 D 423 277 1
5 D 880 122 1
5 L 0 398 1
5 L 0 57 1
5 L 0 278 1
5 D 880 398 1
5 D 947 57 1
5 D 1104 278 1
5 L 0 255 1
5 L 0 239 1
5 L 0 241 1
5 D 813 255 1
5 D 399 239 1
5 D 191 241 1
5 L 0 375 1
5 L 0 288 1
5 L 0 214 1
5 D 910 375 1
5 D 859 288 1
5 D 1023 214 1
5 L 0 314 1
5 L 0 283 1
5 L 0 208 1
5 L 0 16 1
5 D 744 314 1
5 D 1246 283 1
5 D 553 208 1
5 D 246 16 1
5 L 0 48 1
5 L 0 76 1
5 D 475 48 1
5 D 627 76 1
5 L 0 111 1
5 L 0 237 1
5 L 0 345 1
5 D 227 111 1
5 D 72 237 1
5 D 1110 345 1
5 L 0 396 1
5 L 0 157 1
5 D 620 396 1
5 D 763 157 1
5 L 0 296 1
5 L 0 396 1
5 L 0 17 1
5 D 290 296 1
5 D 1048 396 1
5 D 569 17 1
5 L 0 157 1
5 L 0 202 1
5 D 142 157 1
5 D 116 202 1
5 L 0 296 1
5 L 0 157 1
5 L 0 179 1
5 L 0 272 1
5 D 168 296 1
5 D 352 157 1
5 D 1039 179 1
5 D 1159 272 1
5 L 0 92 1
5 L 0 31 1
5 L 0 73 1
5 D 1158 92 1
5 D 918 31 1
5 D 758 73 1
5 L 0 296 1
5 L 0 73 1
5 D 769 296 1
5 D 242 73 1
6 L 0 201 1
6 L 0 38 1
6 L 0 300 1
6 L 0 62 1
6 D 335 201 1
6 D 1167 38 1
6 D 609 300 1
6 D 910 62 1
6 L 0 189 1
6 L 0 167 1
6 L 0 397 1
6 L 0 299 1
6 D 556 189 1
6 D 623 167 1
6 D 880 397 1
6 D 1048 299 1
6 L 0 99 1
6 L 0 215 1
6 L 0 45 1
6 D 509 99 1
6 D 499 215 1
6 D 813 45 1
6 L 0 64 1
6 L 0 215 1
6 L 0 70 1
6 D 431 64 1
6 D 926 215 1
6 D 574 70 1
6 L 0 43 1
6 L 0 236 1
6 D 1023 43 1
6 D 1224 236 1
6 L 0 361 1
6 L 0 283 1
6 L 0 221 1
6 D 1246 361 1
6 D 726 283 1
6 D 246 221 1
6 L 0 111 1
6 L 0 133 1
6 L 0 249 1
6 D 475 111 1
6 D 627 133 1
6 D 579 249 1
6 L 0 127 1
6 L 0 300 1
6 L 0 179 1
6 D 72 127 1
6 D 860 300 1
6 D 800 179 1
6 L 0 144 1
6 L 0 396 1
6 L 0 168 1
6 D 733 144 1
6 D 678 396 1
6 D 870 168 1
6 L 0 92 1
6 L 0 272 1
6 L 0 277 1
6 D 492 92 1
6 D 97 272 1
6 D 1149 277 1
6 L 0 277 1
6 L 0 247 1
6 L 0 182 1
6 D 102 277 1
6 D 454 247 1
6 D 387 182 1
6 L 0 269 1
6 L 0 249 1
6 L 0 296 1
6 D 1226 269 1
6 D 1108 249 1
6 D 81 296 1
6 L 0 157 1
6 L 0 373 1
6 D 58 157 1
6 D 195 373 1
6 L 0 103 1
6 D 280 103 1
7 L 0 96 1
7 L 0 342 1
7 L 0 181 1
7 L 0 285 1
7 D 335 96 1
7 D 277 342 1
7 D 609 181 1
7 D 781 285 1
7 L 0 348 1
7 L 0 210 1
7 L 0 382 1
7 L 0 299 1
7 D 46 348 1
7 D 1209 210 1
7 D 750 382 1
7 D 339 299 1
7 L 0 73 1
7 L 0 243 1
7 L 0 37 1
7 D 922 73 1
7 D 955 243 1
7 D 566 37 1
7 L 0 378 1
7 L 0 326 1
7 D 638 378 1
7 D 431 326 1
7 L 0 262 1
7 L 0 2 1
7 L 0 215 1
7 D 121 262 1
7 D 61 2 1
7 D 292 215 1
7 L 0 180 1
7 L 0 57 1
7 D 1220 180 1
7 D 1246 57 1
7 L 0 26 1
7 L 0 385 1
7 L 0 272 1
7 L 0 137 1
7 D 412 26 1
7 D 834 385 1
7 D 475 272 1
7 D 874 137 1
7 L 0 241 1
7 L 0 293 1
7 L 0 290 1
7 L 0 237 1
7 D 25 241 1
7 D 99 293 1
7 D 890 290 1
7 D 1169 237 1
7 L 0 239 1
7 L 0 15 1
7 D 34 239 1
7 D 1200 15 1
7 L 0 396 1
7 L 0 210 1
7 L 0 276 1
7 D 933 396 1
7 D 1107 210 1
7 D 959 276 1
7 L 0 140 1
7 L 0 31 1
7 L 0 182 1
7 D 336 140 1
7 D 312 31 1
7 D 359 182 1
7 L 0 277 1
7 L 0 31 1
7 L 0 179 1
7 D 375 277 1
7 D 532 31 1
7 D 236 179 1
7 L 0 179 1
7 L 0 182 1
7 L 0 73 1
7 L 0 296 1
7 D 16 179 1
7 D 266 182 1
7 D 575 73 1
7 D 836 296 1
8 L 0 15 1
8 L 0 60 1
8 L 0 112 1
8 D 335 15 1
8 D 277 60 1
8 D 781 112 1
8 L 0 110 1
8 L 0 218 1
8 L 0 313 1
8 D 876 110 1
8 D 568 218 1
8 D 174 313 1
8 L 0 164 1
8 L 0 242 1
8 D 1027 164 1
8 D 1138 242 1
8 L 0 260 1
8 L 0 138 1
8 L 0 283 1
8 D 509 260 1
8 D 499 138 1
8 D 813 283 1
8 L 0 2 1
8 L 0 114 1
8 L 0 26 1
8 L 0 216 1
8 D 431 2 1
8 D 547 114 1
8 D 985 26 1
8 D 859 216 1
8 L 0 390 1
8 L 0 277 1
8 D 1178 390 1
8 D 493 277 1
8 L 0 390 1
8 L 0 157 1
8 D 553 390 1
8 D 246 157 1
8 L 0 287 1
8 L 0 16 1
8 L 0 390 1
8 D 206 287 1
8 D 627 16 1
8 D 231 390 1
8 L 0 219 1
8 L 0 325 1
8 L 0 150 1
8 D 455 219 1
8 D 1122 325 1
8 D 366 150 1
8 L 0 172 1
8 L 0 237 1
8 L 0 186 1
8 D 754 172 1
8 D 687 237 1
8 D 339 186 1
8 L 0 182 1
8 L 0 373 1
8 L 0 296 1
8 D 424 182 1
8 D 22 373 1
8 D 289 296 1
8 L 0 272 1
8 L 0 182 1
8 L 0 82 1
8 D 909 272 1
8 D 117 182 1
8 D 253 82 1
8 L 0 277 1
8 L 0 157 1
8 D 805 277 1
8 D 818 157 1
8 L 0 73 1
8 L 0 269 1
8 L 0 182 1
8 D 632 73 1
8 D 1166 269 1
8 D 391 182 1
8 L 0 157 1
8 D 515 157 1
9 L 0 343 1
9 L 0 221 1
9 L 0 163 1
9 L 0 63 1
9 D 335 343 1
9 D 277 221 1
9 D 609 163 1
9 D 546 63 1
9 L 0 199 1
9 L 0 70 1
9 L 0 343 1
9 D 21 199 1
9 D 174 70 1
9 D 341 343 1
9 L 0 132 1
9 L 0 361 1
9 D 880 132 1
9 D 77 361 1
9 L 0 221 1
9 L 0 136 1
9 L 0 172 1
9 D 499 221 1
9 D 624 136 1
9 D 602 172 1
9 L 0 398 1
9 L 0 323 1
9 L 0 278 1
9 D 722 398 1
9 D 650 323 1
9 D 859 278 1
9 L 0 201 1
9 L 0 100 1
9 D 1178 201 1
9 D 615 100 1
9 L 0 205 1
9 L 0 223 1
9 L 0 115 1
9 D 726 205 1
9 D 246 223 1
9 D 220 115 1
9 L 0 277 1
9 L 0 133 1
9 L 0 137 1
9 D 874 277 1
9 D 1217 133 1
9 D 1124 137 1
9 L 0 310 1
9 L 0 31 1
9 L 0 237 1
9 L 0 81 1
9 D 890 310 1
9 D 907 31 1
9 D 1057 237 1
9 D 763 81 1
9 L 0 194 1
9 L 0 330 1
9 D 732 194 1
9 D 731 330 1
9 L 0 64 1
9 L 0 31 1
9 L 0 179 1
9 D 22 64 1
9 D 693 31 1
9 D 497 179 1
9 L 0 296 1
9 L 0 296 1
9 L 0 73 1
9 L 0 168 1
9 L 0 276 1
9 D 173 296 1
9 D 711 296 1
9 D 52 73 1
9 D 905 168 1
9 D 593 276 1
9 L 0 157 1
9 L 0 381 1
9 D 1043 157 1
9 D 1086 381 1
9 L 0 277 1
9 D 846 277 1
10 L 0 76 1
10 L 0 127 1
10 D 335 76 1
10 D 277 127 1
10 L 0 64 1
10 L 0 181 1
10 L 0 328 1
10 D 255 64 1
10 D 781 181 1
10 D 1027 328 1
10 L 0 85 1
10 L 0 350 1
10 L 0 299 1
10 D 371 85 1
10 D 341 350 1
10 D 541 299 1
10 L 0 262 1
10 L 0 16 1
10 L 0 237 1
10 D 1185 262 1
10 D 624 16 1
10 D 399 237 1
10 L 0 242 1
10 L 0 375 1
10 L 0 104 1
10 D 722 242 1
10 D 1174 375 1
10 D 384 104 1
10 L 0 99 1
10 L 0 103 1
10 D 133 99 1
10 D 57 103 1
10 L 0 277 1
10 L 0 276 1
10 L 0 83 1
10 L 0 304 1
10 D 1241 277 1
10 D 598 276 1
10 D 346 83 1
10 D 220 304 1
10 L 0 133 1
10 L 0 247 1
10 L 0 76 1
10 L 0 276 1
10 D 655 133 1
10 D 25 247 1
10 D 99 76 1
10 D 1216 276 1
10 L 0 326 1
10 L 0 219 1
10 L 0 179 1
10 D 1017 326 1
10 D 34 219 1
10 D 770 179 1
10 L 0 396 1
10 L 0 120 1
10 L 0 296 1
10 D 303 396 1
10 D 288 120 1
10 D 863 296 1
10 L 0 31 1
10 L 0 157 1
10 L 0 247 1
10 D 1171 31 1
10 D 737 157 1
10 D 1045 247 1
10 L 0 373 1
10 L 0 373 1
10 D 934 373 1
10 D 997 373 1
10 L 0 168 1
10 L 0 381 1
10 L 0 272 1
10 L 0 179 1
10 D 370 168 1
10 D 149 381 1
10 D 717 272 1
10 D 710 179 1
10 L 0 296 1
10 D 1173 296 1
11 L 0 45 1
11 L 0 100 1
11 L 0 371 1
11 D 845 45 1
11 D 277 100 1
11 D 562 371 1
11 L 0 242 1
11 L 0 61 1
11 L 0 299 1
11 D 596 242 1
11 D 376 61 1
11 D 231 299 1
11 L 0 327 1
11 L 0 266 1
11 L 0 296 1
11 D 350 327 1
11 D 880 266 1
11 D 1156 296 1
11 L 0 15 1
11 L 0 157 1
11 D 1185 15 1
11 D 813 157 1
11 L 0 127 1
11 L 0 272 1
11 D 654 127 1
11 D 985 272 1
11 L 0 2 1
11 L 0 322 1
11 D 675 2 1
11 D 768 322 1
11 L 0 242 1
11 L 0 21 1
11 L 0 272 1
11 D 43 242 1
11 D 698 21 1
11 D 951 272 1
11 L 0 157 1
11 L 0 181 1
11 L 0 81 1
11 D 1095 157 1
11 D 1127 181 1
11 D 229 81 1
11 L 0 270 1
11 L 0 157 1
11 D 25 270 1
11 D 343 157 1
11 L 0 157 1
11 L 0 237 1
11 L 0 301 1
11 D 503 157 1
11 D 1017 237 1
11 D 597 301 1
11 L 0 214 1
11 L 0 269 1
11 L 0 276 1
11 D 550 214 1
11 D 618 269 1
11 D 927 276 1
11 L 0 64 1
11 L 0 31 1
11 L 0 276 1
11 D 723 64 1
11 D 76 31 1
11 D 844 276 1
11 L 0 277 1
11 L 0 157 1
11 D 901 277 1
11 D 805 157 1
11 L 0 272 1
11 L 0 247 1
11 L 0 73 1
11 L 0 247 1
11 D 1162 272 1
11 D 418 247 1
11 D 368 73 1
11 D 391 247 1
11 L 0 296 1
11 D 706 296 1
12 L 0 285 1
12 L 0 360 1
12 L 0 2 1
12 L 0 299 1
12 D 47 285 1
12 D 277 360 1
12 D 609 2 1
12 D 350 299 1
12 L 0 186 1
12 L 0 241 1
12 L 0 293 1
12 L 0 259 1
12 D 21 186 1
12 D 1093 241 1
12 D 350 293 1
12 D 689 259 1
12 L 0 176 1
12 L 0 383 1
12 L 0 283 1
12 D 922 176 1
12 D 896 383 1
12 D 1185 283 1
12 L 0 223 1
12 L 0 243 1
12 L 0 31 1
12 D 719 223 1
12 D 654 243 1
12 D 985 31 1
12 L 0 36 1
12 L 0 104 1
12 L 0 114 1
12 D 61 36 1
12 D 36 104 1
12 D 615 114 1
12 L 0 127 1
12 L 0 247 1
12 D 698 127 1
12 D 529 247 1
12 L 0 36 1
12 L 0 272 1
12 L 0 137 1
12 L 0 304 1
12 D 439 36 1
12 D 1127 272 1
12 D 229 137 1
12 D 227 304 1
12 L 0 243 1
12 L 0 164 1
12 L 0 33 1
12 D 322 243 1
12 D 524 164 1
12 D 83 33 1
12 L 0 81 1
12 L 0 326 1
12 L 0 359 1
12 D 286 81 1
12 D 1213 326 1
12 D 468 359 1
12 L 0 72 1
12 L 0 210 1
12 L 0 31 1
12 L 0 179 1
12 D 213 72 1
12 D 156 210 1
12 D 73 31 1
12 D 39 179 1
12 L 0 373 1
12 L 0 73 1
12 L 0 296 1
12 D 1029 373 1
12 D 981 73 1
12 D 1159 296 1
12 L 0 277 1
12 L 0 73 1
12 L 0 168 1
12 D 190 277 1
12 D 435 73 1
12 D 434 168 1
12 L 0 277 1
12 L 0 73 1
12 D 270 277 1
12 D 107 73 1
13 L 0 138 1
13 L 0 199 1
13 L 0 291 1
13 D 47 138 1
13 D 277 199 1
13 D 609 291 1
13 L 0 326 1
13 L 0 243 1
13 L 0 45 1
13 D 596 326 1
13 D 376 243 1
13 D 174 45 1
13 L 0 205 1
13 L 0 242 1
13 D 546 205 1
13 D 350 242 1
13 L 0 127 1
13 L 0 8 1
13 L 0 329 1
13 D 955 127 1
13 D 566 8 1
13 D 113 329 1
13 L 0 26 1
13 L 0 269 1
13 L 0 119 1
13 D 191 26 1
13 D 654 269 1
13 D 985 119 1
13 L 0 114 1
13 L 0 263 1
13 L 0 187 1
13 D 1023 114 1
13 D 785 263 1
13 D 1220 187 1
13 L 0 396 1
13 L 0 216 1
13 L 0 219 1
13 D 201 396 1
13 D 101 216 1
13 D 745 219 1
13 L 0 345 1
13 L 0 3 1
13 D 198 345 1
13 D 229 3 1
13 L 0 15 1
13 L 0 92 1
13 L 0 182 1
13 D 872 15 1
13 D 161 92 1
13 D 441 182 1
13 L 0 124 1
13 L 0 277 1
13 D 235 124 1
13 D 251 277 1
13 L 0 219 1
13 L 0 272 1
13 L 0 186 1
13 D 491 219 1
13 D 53 272 1
13 D 1085 186 1
13 L 0 140 1
13 L 0 64 1
13 D 196 140 1
13 D 622 64 1
13 L 0 277 1
13 L 0 168 1
13 L 0 73 1
13 D 1045 277 1
13 D 714 168 1
13 D 833 73 1
13 L 0 296 1
13 L 0 296 1
13 L 0 103 1
13 L 0 73 1
13 D 393 296 1
13 D 948 296 1
13 D 1166 103 1
13 D 514 73 1
13 L 0 157 1
13 D 125 157 1
14 L 0 375 1
14 L 0 371 1
14 L 0 104 1
14 L 0 70 1
14 D 47 375 1
14 D 567 371 1
14 D 609 104 1
14 D 781 70 1
14 L 0 64 1
14 L 0 398 1
14 L 0 179 1
14 L 0 259 1
14 D 376 64 1
14 D 556 398 1
14 D 1138 179 1
14 D 229 259 1
14 L 0 225 1
14 L 0 221 1
14 L 0 300 1
14 D 1094 225 1
14 D 955 221 1
14 D 624 300 1
14 L 0 397 1
14 L 0 57 1
14 L 0 129 1
14 D 225 397 1
14 D 113 57 1
14 D 1198 129 1
14 L 0 205 1
14 L 0 10 1
14 D 704 205 1
14 D 1023 10 1
14 L 0 99 1
14 L 0 35 1
14 D 615 99 1
14 D 686 35 1
14 L 0 194 1
14 L 0 272 1
14 L 0 216 1
14 D 215 194 1
14 D 825 272 1
14 D 220 216 1
14 L 0 173 1
14 L 0 31 1
14 D 181 173 1
14 D 162 31 1
14 L 0 201 1
14 L 0 100 1
14 D 890 201 1
14 D 216 100 1
14 L 0 64 1
14 L 0 103 1
14 L 0 96 1
14 D 34 64 1
14 D 897 103 1
14 D 740 96 1
14 L 0 73 1
14 L 0 247 1
14 L 0 272 1
14 L 0 272 1
14 D 684 73 1
14 D 208 247 1
14 D 287 272 1
14 D 586 272 1
14 L 0 277 1
14 L 0 140 1
14 D 454 277 1
14 D 1049 140 1
14 L 0 373 1
14 L 0 168 1
14 L 0 272 1
14 L 0 179 1
14 D 716 373 1
14 D 958 168 1
14 D 420 272 1
14 D 217 179 1
14 L 0 73 1
14 L 0 296 1
14 D 960 73 1
14 D 846 296 1
15 L 0 63 1
15 L 0 215 1
15 L 0 38 1
15 L 0 42 1
15 D 47 63 1
15 D 567 215 1
15 D 609 38 1
15 D 781 42 1
15 L 0 167 1
15 L 0 347 1
15 D 568 167 1
15 D 556 347 1
15 L 0 167 1
15 L 0 133 1
15 L 0 283 1
15 D 546 167 1
15 D 1138 133 1
15 D 955 283 1
15 L 0 201 1
15 L 0 241 1
15 L 0 223 1
15 D 1104 201 1
15 D 1185 241 1
15 D 543 223 1
15 L 0 111 1
15 L 0 157 1
15 L 0 297 1
15 D 654 111 1
15 D 985 157 1
15 D 279 297 1
15 L 0 100 1
15 L 0 163 1
15 L 0 300 1
15 D 36 100 1
15 D 615 163 1
15 D 656 300 1
15 L 0 396 1
15 L 0 179 1
15 L 0 247 1
15 L 0 126 1
15 D 674 396 1
15 D 598 179 1
15 D 784 247 1
15 D 220 126 1
15 L 0 157 1
15 L 0 199 1
15 L 0 317 1
15 D 84 157 1
15 D 317 199 1
15 D 1078 317 1
15 L 0 210 1
15 L 0 157 1
15 L 0 290 1
15 D 503 210 1
15 D 214 157 1
15 D 640 290 1
15 L 0 178 1
15 L 0 96 1
15 L 0 276 1
15 D 175 178 1
15 D 618 96 1
15 D 385 276 1
15 L 0 249 1
15 L 0 373 1
15 L 0 310 1
15 D 196 249 1
15 D 642 373 1
15 D 576 310 1
15 L 0 277 1
15 L 0 157 1
15 D 901 277 1
15 D 969 157 1
15 L 0 373 1
15 L 0 373 1
15 D 839 373 1
15 D 1190 373 1
15 L 0 103 1
15 L 0 140 1
15 L 0 92 1
15 D 510 103 1
15 D 1237 140 1
15 D 914 92 1
16 L 0 154 1
16 L 0 77 1
16 L 0 163 1
16 L 0 114 1
16 D 807 154 1
16 D 567 77 1
16 D 562 163 1
16 D 568 114 1
16 L 0 136 1
16 L 0 398 1
16 L 0 73 1
16 L 0 299 1
16 D 1030 136 1
16 D 174 398 1
16 D 341 73 1
16 D 110 299 1
16 L 0 239 1
16 L 0 61 1
16 D 922 239 1
16 D 896 61 1
16 L 0 221 1
16 L 0 242 1
16 L 0 276 1
16 D 470 221 1
16 D 115 242 1
16 D 1102 276 1
16 L 0 201 1
16 L 0 322 1
16 L 0 35 1
16 D 305 201 1
16 D 675 322 1
16 D 133 35 1
16 L 0 16 1
16 L 0 154 1
16 L 0 172 1
16 D 621 16 1
16 D 698 154 1
16 D 1176 172 1
16 L 0 157 1
16 L 0 277 1
16 D 1150 157 1
16 D 777 277 1
16 L 0 57 1
16 L 0 359 1
16 L 0 290 1
16 D 536 57 1
16 D 824 359 1
16 D 699 290 1
16 L 0 247 1
16 L 0 151 1
16 L 0 218 1
16 D 932 247 1
16 D 694 151 1
16 D 1129 218 1
16 L 0 172 1
16 L 0 96 1
16 L 0 247 1
16 L 0 272 1
16 L 0 179 1
16 D 199 172 1
16 D 770 96 1
16 D 765 247 1
16 D 517 272 1
16 D 1073 179 1
16 L 0 92 1
16 L 0 73 1
16 L 0 182 1
16 L 0 296 1
16 D 607 92 1
16 D 143 73 1
16 D 37 182 1
16 D 1159 296 1
16 L 0 168 1
16 L 0 296 1
16 L 0 157 1
16 L 0 276 1
16 D 963 168 1
16 D 593 296 1
16 D 1139 157 1
16 D 1163 276 1
16 L 0 157 1
16 D 340 157 1
17 L 0 292 1
17 L 0 360 1
17 L 0 73 1
17 D 807 292 1
17 D 1112 360 1
17 D 255 73 1
17 L 0 127 1
17 L 0 297 1
17 L 0 299 1
17 D 876 127 1
17 D 568 297 1
17 D 419 299 1
17 L 0 277 1
17 L 0 340 1
17 L 0 360 1
17 D 1138 277 1
17 D 77 340 1
17 D 624 360 1
17 L 0 350 1
17 L 0 275 1
17 L 0 297 1
17 D 624 350 1
17 D 470 275 1
17 D 115 297 1
17 L 0 133 1
17 L 0 219 1
17 L 0 221 1
17 D 574 133 1
17 D 390 219 1
17 D 675 221 1
17 L 0 140 1
17 L 0 253 1
17 L 0 385 1
17 D 615 140 1
17 D 656 253 1
17 D 698 385 1
17 L 0 48 1
17 L 0 169 1
17 D 713 48 1
17 D 4 169 1
17 L 0 181 1
17 L 0 151 1
17 L 0 268 1
17 D 231 181 1
17 D 536 151 1
17 D 374 268 1
17 L 0 186 1
17 L 0 151 1
17 D 587 186 1
17 D 365 151 1
17 L 0 210 1
17 L 0 205 1
17 L 0 210 1
17 D 457 210 1
17 D 793 205 1
17 D 491 210 1
17 L 0 378 1
17 L 0 91 1
17 D 1192 378 1
17 D 517 91 1
17 L 0 373 1
17 L 0 168 1
17 L 0 182 1
17 D 1170 373 1
17 D 458 168 1
17 D 143 182 1
17 L 0 140 1
17 L 0 182 1
17 L 0 72 1
17 D 659 140 1
17 D 540 182 1
17 D 166 72 1
17 L 0 168 1
17 L 0 373 1
17 L 0 168 1
17 D 1026 168 1
17 D 238 373 1
17 D 710 168 1
18 L 0 206 1
18 L 0 374 1
18 L 0 360 1
18 L 0 296 1
18 L 0 299 1
18 D 807 206 1
18 D 1112 374 1
18 D 255 360 1
18 D 376 296 1
18 D 198 299 1
18 L 0 377 1
18 L 0 201 1
18 D 750 377 1
18 D 350 201 1
18 L 0 173 1
18 L 0 382 1
18 D 77 173 1
18 D 1156 382 1
18 L 0 127 1
18 L 0 106 1
18 D 48 127 1
18 D 470 106 1
18 L 0 92 1
18 L 0 10 1
18 L 0 241 1
18 D 1198 92 1
18 D 985 10 1
18 D 775 241 1
18 L 0 111 1
18 L 0 285 1
18 L 0 297 1
18 D 975 111 1
18 D 133 285 1
18 D 57 297 1
18 L 0 373 1
18 L 0 31 1
18 L 0 179 1
18 D 101 373 1
18 D 598 31 1
18 D 1150 179 1
18 L 0 57 1
18 L 0 140 1
18 D 229 57 1
18 D 953 140 1
18 L 0 194 1
18 L 0 31 1
18 D 1078 194 1
18 D 587 31 1
18 L 0 290 1
18 L 0 168 1
18 L 0 157 1
18 L 0 318 1
18 D 1056 290 1
18 D 148 168 1
18 D 549 157 1
18 D 1107 318 1
18 L 0 368 1
18 L 0 168 1
18 L 0 240 1
18 L 0 168 1
18 D 724 368 1
18 D 802 168 1
18 D 336 240 1
18 D 219 168 1
18 L 0 272 1
18 L 0 31 1
18 L 0 31 1
18 L 0 276 1
18 D 134 272 1
18 D 899 31 1
18 D 801 31 1
18 D 261 276 1
18 L 0 140 1
18 L 0 31 1
18 L 0 72 1
18 D 1188 140 1
18 D 164 31 1
18 D 1070 72 1
18 L 0 381 1
18 D 841 381 1
19 L 0 293 1
19 L 0 83 1
19 L 0 60 1
19 L 0 252 1
19 D 807 293 1
19 D 1112 83 1
19 D 609 60 1
19 D 1138 252 1
19 L 0 99 1
19 L 0 96 1
19 L 0 252 1
19 D 712 99 1
19 D 750 96 1
19 D 246 252 1
19 L 0 85 1
19 L 0 348 1
19 D 771 85 1
19 D 1156 348 1
19 L 0 152 1
19 L 0 26 1
19 L 0 100 1
19 D 48 152 1
19 D 8 26 1
19 D 719 100 1
19 L 0 154 1
19 L 0 239 1
19 D 985 154 1
19 D 279 239 1
19 L 0 43 1
19 L 0 35 1
19 D 50 43 1
19 D 744 35 1
19 L 0 247 1
19 L 0 239 1
19 L 0 287 1
19 D 201 247 1
19 D 674 239 1
19 D 713 287 1
19 L 0 203 1
19 L 0 281 1
19 L 0 57 1
19 D 928 203 1
19 D 229 281 1
19 D 84 57 1
19 L 0 157 1
19 L 0 40 1
19 L 0 168 1
19 D 790 157 1
19 D 537 40 1
19 D 172 168 1
19 L 0 100 1
19 L 0 280 1
19 D 66 100 1
19 D 141 280 1
19 L 0 396 1
19 L 0 218 1
19 L 0 247 1
19 D 912 396 1
19 D 385 218 1
19 D 517 247 1
19 L 0 182 1
19 L 0 31 1
19 L 0 272 1
19 L 0 296 1
19 D 891 182 1
19 D 792 31 1
19 D 1045 272 1
19 D 899 296 1
19 L 0 179 1
19 L 0 168 1
19 L 0 277 1
19 L 0 276 1
19 D 701 179 1
19 D 397 168 1
19 D 401 277 1
19 D 329 276 1
19 L 0 92 1
19 L 0 33 1
19 D 270 92 1
19 D 841 33 1
20 L 0 61 1
20 L 0 157 1
20 L 0 328 1
20 D 807 61 1
20 D 1112 157 1
20 D 781 328 1
20 L 0 393 1
20 L 0 383 1
20 L 0 259 1
20 D 781 393 1
20 D 712 383 1
20 D 574 259 1
20 L 0 100 1
20 L 0 35 1
20 L 0 278 1
20 D 350 100 1
20 D 880 35 1
20 D 1156 278 1
20 L 0 95 1
20 L 0 247 1
20 L 0 375 1
20 L 0 123 1
20 L 0 112 1
20 D 1185 95 1
20 D 813 247 1
20 D 719 375 1
20 D 431 123 1
20 D 292 112 1
20 L 0 157 1
20 L 0 15 1
20 D 61 157 1
20 D 292 15 1
20 L 0 181 1
20 L 0 270 1
20 L 0 276 1
20 D 1220 181 1
20 D 604 270 1
20 D 674 276 1
20 L 0 181 1
20 L 0 154 1
20 L 0 168 1
20 D 346 181 1
20 D 475 154 1
20 D 874 168 1
20 L 0 397 1
20 L 0 270 1
20 L 0 168 1
20 L 0 276 1
20 D 25 397 1
20 D 99 270 1
20 D 1054 168 1
20 D 1205 276 1
20 L 0 277 1
20 L 0 96 1
20 L 0 247 1
20 D 821 277 1
20 D 278 96 1
20 D 178 247 1
20 L 0 247 1
20 L 0 190 1
20 L 0 182 1
20 D 952 247 1
20 D 959 190 1
20 D 392 182 1
20 L 0 31 1
20 L 0 182 1
20 L 0 272 1
20 L 0 276 1
20 D 406 31 1
20 D 941 182 1
20 D 935 272 1
20 D 427 276 1
20 L 0 249 1
20 L 0 92 1
20 L 0 31 1
20 L 0 179 1
20 D 1060 249 1
20 D 261 92 1
20 D 1043 31 1
20 D 270 179 1
20 L 0 269 1
20 D 756 269 1
21 L 0 290 1
21 L 0 227 1
21 L 0 150 1
21 L 0 63 1
21 D 1223 290 1
21 D 1112 227 1
21 D 562 150 1
21 D 955 63 1
21 L 0 172 1
21 L 0 347 1
21 L 0 16 1
21 D 556 172 1
21 D 750 347 1
21 D 350 16 1
21 L 0 8 1
21 L 0 144 1
21 L 0 167 1
21 D 771 8 1
21 D 1014 144 1
21 D 955 167 1
21 L 0 194 1
21 L 0 230 1
21 L 0 182 1
21 D 813 194 1
21 D 399 230 1
21 D 191 182 1
21 L 0 154 1
21 L 0 242 1
21 D 1174 154 1
21 D 859 242 1
21 L 0 270 1
21 L 0 361 1
21 D 133 270 1
21 D 744 361 1
21 L 0 288 1
21 L 0 100 1
21 D 529 288 1
21 D 598 100 1
21 L 0 151 1
21 L 0 383 1
21 L 0 296 1
21 D 475 151 1
21 D 1135 383 1
21 D 84 296 1
21 L 0 74 1
21 L 0 172 1
21 L 0 95 1
21 L 0 237 1
21 D 343 74 1
21 D 537 172 1
21 D 83 95 1
21 D 1017 237 1
21 L 0 43 1
21 L 0 17 1
21 D 5 43 1
21 D 1072 17 1
21 L 0 296 1
21 L 0 91 1
21 L 0 276 1
21 D 288 296 1
21 D 541 91 1
21 D 1051 276 1
21 L 0 296 1
21 L 0 330 1
21 L 0 182 1
21 L 0 294 1
21 D 581 296 1
21 D 1029 330 1
21 D 300 182 1
21 D 716 294 1
21 L 0 381 1
21 L 0 296 1
21 L 0 73 1
21 D 299 381 1
21 D 13 296 1
21 D 368 73 1
21 L 0 157 1
21 L 0 157 1
21 D 271 157 1
21 D 1005 157 1
22 L 0 347 1
22 L 0 383 1
22 L 0 297 1
22 L 0 299 1
22 D 1223 347 1
22 D 1112 383 1
22 D 596 297 1
22 D 1023 299 1
22 L 0 34 1
22 L 0 178 1
22 L 0 276 1
22 D 174 34 1
22 D 750 178 1
22 D 922 276 1
22 L 0 57 1
22 L 0 188 1
22 D 1094 57 1
22 D 1156 188 1
22 L 0 37 1
22 L 0 314 1
22 L 0 88 1
22 L 0 317 1
22 D 624 37 1
22 D 470 314 1
22 D 113 88 1
22 D 1102 317 1
22 L 0 133 1
22 L 0 242 1
22 L 0 179 1
22 D 502 133 1
22 D 675 242 1
22 D 615 179 1
22 L 0 225 1
22 L 0 268 1
22 L 0 398 1
22 D 656 225 1
22 D 201 268 1
22 D 1176 398 1
22 L 0 61 1
22 L 0 150 1
22 D 1228 61 1
22 D 777 150 1
22 L 0 277 1
22 L 0 157 1
22 D 162 277 1
22 D 824 157 1
22 L 0 144 1
22 L 0 186 1
22 L 0 293 1
22 D 31 144 1
22 D 1205 186 1
22 D 128 293 1
22 L 0 277 1
22 L 0 373 1
22 D 1184 277 1
22 D 199 373 1
22 L 0 269 1
22 L 0 64 1
22 D 871 269 1
22 D 362 64 1
22 L 0 64 1
22 L 0 246 1
22 L 0 168 1
22 D 1170 64 1
22 D 488 246 1
22 D 63 168 1
22 L 0 73 1
22 L 0 247 1
22 L 0 31 1
22 L 0 276 1
22 D 969 73 1
22 D 873 247 1
22 D 963 31 1
22 D 580 276 1
22 L 0 373 1
22 L 0 73 1
22 L 0 296 1
22 D 265 373 1
22 D 884 73 1
22 D 967 296 1
23 L 0 76 1
23 L 0 46 1
23 L 0 163 1
23 L 0 50 1
23 D 347 76 1
23 D 1096 46 1
23 D 781 163 1
23 D 470 50 1
23 L 0 263 1
23 L 0 348 1
23 D 1098 263 1
23 D 546 348 1
23 L 0 194 1
23 L 0 297 1
23 L 0 114 1
23 D 1138 194 1
23 D 77 297 1
23 D 566 114 1
23 L 0 325 1
23 L 0 16 1
23 L 0 239 1
23 D 485 325 1
23 D 8 16 1
23 D 719 239 1
23 L 0 301 1
23 L 0 110 1
23 D 985 301 1
23 D 279 110 1
23 L 0 104 1
23 L 0 150 1
23 L 0 218 1
23 D 1178 104 1
23 D 269 150 1
23 D 656 218 1
23 L 0 100 1
23 L 0 152 1
23 L 0 278 1
23 D 101 100 1
23 D 747 152 1
23 D 1228 278 1
23 L 0 385 1
23 L 0 110 1
23 D 231 385 1
23 D 536 110 1
23 L 0 164 1
23 L 0 64 1
23 D 1124 164 1
23 D 587 64 1
23 L 0 109 1
23 L 0 168 1
23 L 0 157 1
23 L 0 296 1
23 D 19 109 1
23 D 697 168 1
23 D 1141 157 1
23 D 933 296 1
23 L 0 276 1
23 L 0 177 1
23 L 0 296 1
23 D 906 276 1
23 D 96 177 1
23 D 586 296 1
23 L 0 73 1
23 L 0 31 1
23 L 0 168 1
23 L 0 168 1
23 D 458 73 1
23 D 761 31 1
23 D 37 168 1
23 D 636 168 1
23 L 0 296 1
23 L 0 373 1
23 L 0 296 1
23 L 0 276 1
23 D 166 296 1
23 D 1227 373 1
23 D 526 296 1
23 D 884 276 1
23 L 0 249 1
23 D 826 249 1
24 L 0 204 1
24 L 0 96 1
24 L 0 350 1
24 L 0 252 1
24 D 347 204 1
24 D 1096 96 1
24 D 255 350 1
24 D 1094 252 1
24 L 0 136 1
24 L 0 32 1
24 L 0 360 1
24 D 1209 136 1
24 D 1093 32 1
24 D 77 360 1
24 L 0 270 1
24 L 0 375 1
24 L 0 21 1
24 L 0 300 1
24 D 771 270 1
24 D 1014 375 1
24 D 955 21 1
24 D 28 300 1
24 L 0 350 1
24 L 0 397 1
24 L 0 2 1
24 D 719 350 1
24 D 431 397 1
24 D 1198 2 1
24 L 0 99 1
24 L 0 122 1
24 D 859 99 1
24 D 1023 122 1
24 L 0 223 1
24 L 0 290 1
24 L 0 296 1
24 L 0 283 1
24 D 744 223 1
24 D 989 290 1
24 D 553 296 1
24 D 246 283 1
24 L 0 40 1
24 L 0 64 1
24 L 0 300 1
24 D 206 40 1
24 D 627 64 1
24 D 652 300 1
24 L 0 73 1
24 L 0 293 1
24 L 0 21 1
24 L 0 272 1
24 D 72 73 1
24 D 1110 293 1
24 D 907 21 1
24 D 163 272 1
24 L 0 168 1
24 L 0 219 1
24 L 0 280 1
24 L 0 236 1
24 D 1131 168 1
24 D 732 219 1
24 D 740 280 1
24 D 1107 236 1
24 L 0 73 1
24 L 0 140 1
24 L 0 92 1
24 D 682 73 1
24 D 336 140 1
24 D 966 92 1
24 L 0 240 1
24 L 0 296 1
24 L 0 73 1
24 L 0 247 1
24 D 1035 240 1
24 D 375 296 1
24 D 997 73 1
24 D 791 247 1
24 L 0 247 1
24 L 0 157 1
24 L 0 31 1
24 D 1079 247 1
24 D 526 157 1
24 D 388 31 1
24 L 0 373 1
24 D 221 373 1
25 L 0 214 1
25 L 0 348 1
25 L 0 245 1
25 D 347 214 1
25 D 1025 348 1
25 D 1083 245 1
25 L 0 180 1
25 L 0 199 1
25 L 0 208 1
25 D 1083 180 1
25 D 619 199 1
25 D 350 208 1
25 L 0 194 1
25 L 0 218 1
25 L 0 208 1
25 D 341 194 1
25 D 880 218 1
25 D 1014 208 1
25 L 0 133 1
25 L 0 186 1
25 L 0 230 1
25 L 0 115 1
25 D 895 133 1
25 D 624 186 1
25 D 399 230 1
25 D 654 115 1
25 L 0 191 1
25 L 0 10 1
25 L 0 301 1
25 D 650 191 1
25 D 704 10 1
25 D 1023 301 1
25 L 0 239 1
25 L 0 109 1
25 L 0 227 1
25 L 0 137 1
25 D 744 239 1
25 D 946 109 1
25 D 553 227 1
25 D 215 137 1
25 L 0 17 1
25 L 0 396 1
25 L 0 163 1
25 D 189 17 1
25 D 198 396 1
25 D 181 163 1
25 L 0 72 1
25 L 0 92 1
25 L 0 385 1
25 L 0 276 1
25 D 374 72 1
25 D 1021 92 1
25 D 9 385 1
25 D 19 276 1
25 L 0 157 1
25 L 0 64 1
25 D 687 157 1
25 D 413 64 1
25 L 0 330 1
25 L 0 124 1
25 L 0 179 1
25 L 0 276 1
25 D 59 330 1
25 D 862 124 1
25 D 6 179 1
25 D 542 276 1
25 L 0 92 1
25 L 0 294 1
25 L 0 296 1
25 L 0 73 1
25 D 1075 92 1
25 D 373 294 1
25 D 648 296 1
25 D 49 73 1
25 L 0 272 1
25 L 0 168 1
25 L 0 272 1
25 L 0 73 1
25 D 10 272 1
25 D 416 168 1
25 D 234 272 1
25 D 405 73 1
25 L 0 73 1
25 D 868 73 1
26 L 0 327 1
26 L 0 21 1
26 L 0 397 1
26 L 0 283 1
26 D 672 327 1
26 D 1025 21 1
26 D 781 397 1
26 D 174 283 1
26 L 0 291 1
26 L 0 133 1
26 L 0 216 1
26 D 556 291 1
26 D 750 133 1
26 D 1094 216 1
26 L 0 104 1
26 L 0 163 1
26 L 0 167 1
26 D 771 104 1
26 D 922 163 1
26 D 509 167 1
26 L 0 163 1
26 L 0 301 1
26 L 0 373 1
26 D 28 163 1
26 D 719 301 1
26 D 431 373 1
26 L 0 290 1
26 L 0 146 1
26 L 0 88 1
26 L 0 383 1
26 D 279 290 1
26 D 61 146 1
26 D 36 88 1
26 D 269 383 1
26 L 0 243 1
26 L 0 104 1
26 L 0 345 1
26 D 604 243 1
26 D 1241 104 1
26 D 412 345 1
26 L 0 182 1
26 L 0 283 1
26 L 0 182 1
26 L 0 34 1
26 L 0 283 1
26 D 475 182 1
26 D 1135 283 1
26 D 655 182 1
26 D 162 34 1
26 D 1110 283 1
26 L 0 15 1
26 L 0 396 1
26 D 83 15 1
26 D 437 396 1
26 L 0 396 1
26 L 0 378 1
26 L 0 276 1
26 D 897 396 1
26 D 1032 378 1
26 D 927 276 1
26 L 0 31 1
26 L 0 178 1
26 D 481 31 1
26 D 651 178 1
26 L 0 65 1
26 L 0 157 1
26 L 0 31 1
26 D 102 65 1
26 D 1101 157 1
26 D 39 31 1
26 L 0 73 1
26 L 0 272 1
26 L 0 72 1
26 L 0 168 1
26 D 518 73 1
26 D 1092 272 1
26 D 766 72 1
26 D 78 168 1
26 L 0 277 1
26 L 0 247 1
26 D 1003 277 1
26 D 645 247 1
27 L 0 85 1
27 L 0 223 1
27 D 494 85 1
27 D 1025 223 1
27 L 0 225 1
27 L 0 104 1
27 L 0 168 1
27 D 255 225 1
27 D 1083 104 1
27 D 1065 168 1
27 L 0 323 1
27 L 0 350 1
27 L 0 126 1
27 D 371 323 1
27 D 350 350 1
27 D 543 126 1
27 L 0 272 1
27 L 0 382 1
27 L 0 52 1
27 L 0 283 1
27 L 0 278 1
27 D 896 272 1
27 D 1185 382 1
27 D 28 52 1
27 D 719 283 1
27 D 1102 278 1
27 L 0 35 1
27 L 0 37 1
27 L 0 168 1
27 L 0 398 1
27 D 462 35 1
27 D 61 37 1
27 D 768 168 1
27 D 269 398 1
27 L 0 85 1
27 L 0 168 1
27 L 0 216 1
27 D 604 85 1
27 D 1207 168 1
27 D 412 216 1
27 L 0 111 1
27 L 0 272 1
27 L 0 381 1
27 D 475 111 1
27 D 874 272 1
27 D 314 381 1
27 L 0 100 1
27 L 0 168 1
27 L 0 179 1
27 D 99 100 1
27 D 1054 168 1
27 D 932 179 1
27 L 0 110 1
27 L 0 247 1
27 L 0 276 1
27 D 34 110 1
27 D 1200 247 1
27 D 53 276 1
27 L 0 387 1
27 L 0 368 1
27 L 0 182 1
27 L 0 271 1
27 D 569 387 1
27 D 959 368 1
27 D 1148 182 1
27 D 1155 271 1
27 L 0 277 1
27 L 0 368 1
27 L 0 33 1
27 D 69 277 1
27 D 810 368 1
27 D 721 33 1
27 L 0 31 1
27 L 0 168 1
27 L 0 310 1
27 L 0 296 1
27 D 233 31 1
27 D 1219 168 1
27 D 558 310 1
27 D 118 296 1
27 L 0 168 1
27 D 957 168 1
28 L 0 164 1
28 L 0 268 1
28 L 0 229 1
28 D 494 164 1
28 D 1025 268 1
28 D 876 229 1
28 L 0 173 1
28 L 0 243 1
28 L 0 126 1
28 D 1083 173 1
28 D 619 243 1
28 D 1014 126 1
28 L 0 275 1
28 L 0 189 1
28 L 0 72 1
28 L 0 179 1
28 D 350 275 1
28 D 880 189 1
28 D 947 72 1
28 D 1104 179 1
28 L 0 216 1
28 L 0 120 1
28 L 0 70 1
28 L 0 201 1
28 D 624 216 1
28 D 225 120 1
28 D 191 70 1
28 D 654 201 1
28 L 0 48 1
28 L 0 81 1
28 D 704 48 1
28 D 1023 81 1
28 L 0 133 1
28 L 0 16 1
28 L 0 16 1
28 D 744 133 1
28 D 946 16 1
28 D 553 16 1
28 L 0 227 1
28 L 0 26 1
28 L 0 154 1
28 L 0 179 1
28 D 834 227 1
28 D 4 26 1
28 D 928 154 1
28 D 536 179 1
28 L 0 378 1
28 L 0 31 1
28 L 0 73 1
28 D 1053 378 1
28 D 699 31 1
28 D 441 73 1
28 L 0 168 1
28 L 0 190 1
28 L 0 219 1
28 L 0 276 1
28 D 453 168 1
28 D 665 190 1
28 D 413 219 1
28 D 474 276 1
28 L 0 373 1
28 L 0 64 1
28 D 862 373 1
28 D 590 64 1
28 L 0 182 1
28 L 0 157 1
28 L 0 168 1
28 L 0 276 1
28 D 132 182 1
28 D 753 157 1
28 D 949 168 1
28 D 112 276 1
28 L 0 296 1
28 L 0 272 1
28 L 0 92 1
28 L 0 182 1
28 D 818 296 1
28 D 886 272 1
28 D 539 92 1
28 D 758 182 1
28 L 0 92 1
28 L 0 247 1
28 D 710 92 1
28 D 360 247 1
29 L 0 175 1
29 L 0 123 1
29 L 0 50 1
29 L 0 63 1
29 L 0 299 1
29 D 494 175 1
29 D 609 123 1
29 D 1065 50 1
29 D 1185 63 1
29 D 627 299 1
29 L 0 393 1
29 L 0 219 1
29 L 0 299 1
29 D 750 393 1
29 D 1138 219 1
29 D 288 299 1
29 L 0 290 1
29 L 0 15 1
29 L 0 378 1
29 D 459 290 1
29 D 624 15 1
29 D 470 378 1
29 L 0 167 1
29 L 0 35 1
29 L 0 35 1
29 L 0 149 1
29 D 722 167 1
29 D 650 35 1
29 D 859 35 1
29 D 615 149 1
29 L 0 391 1
29 L 0 205 1
29 L 0 149 1
29 D 615 391 1
29 D 686 205 1
29 D 784 149 1
29 L 0 246 1
29 L 0 34 1
29 L 0 168 1
29 L 0 16 1
29 D 834 246 1
29 D 51 34 1
29 D 198 168 1
29 D 231 16 1
29 L 0 169 1
29 L 0 301 1
29 L 0 172 1
29 L 0 74 1
29 D 111 169 1
29 D 699 301 1
29 D 441 172 1
29 D 1017 74 1
29 L 0 178 1
29 L 0 182 1
29 L 0 276 1
29 D 697 178 1
29 D 153 182 1
29 D 122 276 1
29 L 0 247 1
29 L 0 124 1
29 L 0 31 1
29 D 1064 247 1
29 D 590 124 1
29 D 1231 31 1
29 L 0 92 1
29 L 0 92 1
29 L 0 182 1
29 L 0 247 1
29 D 135 92 1
29 D 507 92 1
29 D 159 182 1
29 D 357 247 1
29 L 0 168 1
29 L 0 168 1
29 L 0 73 1
29 L 0 73 1
29 D 204 168 1
29 D 539 168 1
29 D 414 73 1
29 D 23 73 1
29 L 0 247 1
29 D 252 247 1
